n = 10
0.0001239999999999991 0.00010700000000000293 0.00011400000000000299 0.00010999999999999899 0.00011800000000000005 0.00010600000000000193 0.00010500000000000093 0.00010899999999999799 0.0001229999999999981 0.00010500000000000093 

n = 100
0.0021830000000000044 0.0019760000000000055 0.0022749999999999992 0.002250000000000002 0.002235000000000001 0.0029770000000000005 0.0026429999999999995 0.0023079999999999976 0.0023060000000000025 0.0022049999999999986 

n = 1000
0.031121999999999997 0.039874999999999994 0.033218 0.032441 0.03442500000000001 0.032586000000000004 0.03294199999999997 0.03266600000000003 0.029635999999999996 0.028797000000000017 

n = 10000
0.42056 0.42821200000000004 0.416334 0.41747500000000004 0.42791200000000007 0.4147510000000003 0.425532 0.4188649999999998 0.42844799999999994 0.4214909999999996 

n = 100000
5.947699999999999 5.931469 5.9427759999999985 5.975383999999998 6.016472999999998 6.021727999999996 6.024149999999999 6.064991000000006 5.9786299999999954 5.968997999999999 

n = 1000000
84.612038 85.24511799999999 84.822406 86.22401300000001 85.28175099999999 86.03031799999997 85.86827000000005 85.71824800000002 85.77265599999998 84.20726400000001 

